12	2204780
None	947497
7	382986
2	318450
35	296121
74	258675
175	107384
15	63232
375	47335
75	43034
750	22554
3000	18090
1	2212
10000	2090
7500	1832
3	1146
5	923
4	838
6	602
10	480
8	400
20	251
9	233
30	196
25	182
50	182
11	181
40	154
14	146
13	125
16	118
100	109
45	108
18	104
60	103
17	98
200	83
22	81
19	80
80	78
24	75
150	72
70	71
21	70
32	69
26	65
65	62
34	60
110	58
36	57
23	56
27	56
33	55
500	53
90	52
300	51
38	51
120	50
55	50
28	49
1000	48
250	46
1500	45
42	44
37	43
400	43
29	42
48	40
85	40
1200	39
140	39
31	38
130	37
39	37
105	36
350	36
46	34
52	34
71	34
43	33
47	33
62	32
1300	31
5000	31
160	30
1800	30
58	30
600	30
95	30
41	29
44	29
54	29
101	28
1600	28
180	28
3500	28
4000	27
51	27
125	26
56	26
170	25
1700	25
2000	25
2300	25
2600	25
3200	25
53	25
57	25
1100	24
124	24
1400	24
49	24
700	24
900	24
103	23
106	23
107	23
77	23
112	22
168	22
220	22
61	22
63	22
66	22
67	22
68	22
115	21
153	21
189	21
2200	21
118	20
127	20
2100	20
3600	20
64	20
800	20
83	20
86	20
99	20
111	19
126	19
135	19
137	19
165	19
225	19
2700	19
3700	19
450	19
4800	19
88	19
114	18
116	18
117	18
161	18
240	18
330	18
78	18
87	18
2500	17
3400	17
3800	17
550	17
84	17
89	17
92	17
94	17
102	16
15000	16
185	16
275	16
430	16
6000	16
73	16
76	16
96	16
129	15
131	15
133	15
136	15
155	15
156	15
190	15
2400	15
260	15
3900	15
4400	15
91	15
108	14
119	14
145	14
184	14
1900	14
205	14
265	14
310	14
320	14
3300	14
420	14
440	14
4500	14
560	14
5700	14
69	14
79	14
98	14
122	13
132	13
151	13
157	13
172	13
174	13
176	13
178	13
195	13
199	13
206	13
210	13
211	13
216	13
226	13
247	13
286	13
5100	13
59	13
650	13
6500	13
72	13
81	13
97	13
113	12
138	12
143	12
144	12
148	12
164	12
179	12
18000	12
204	12
207	12
215	12
239	12
267	12
2800	12
2900	12
295	12
6800	12
7000	12
7100	12
8000	12
8800	12
104	11
109	11
11000	11
12000	11
134	11
139	11
146	11
163	11
20000	11
230	11
236	11
246	11
284	11
285	11
30000	11
301	11
3100	11
314	11
322	11
340	11
374	11
4700	11
5300	11
5500	11
5600	11
5800	11
6200	11
7800	11
82	11
850	11
93	11
123	10
128	10
142	10
147	10
158	10
159	10
169	10
218	10
248	10
249	10
255	10
264	10
307	10
390	10
410	10
4200	10
4300	10
460	10
490	10
5200	10
7600	10
9000	10
12500	9
149	9
152	9
166	9
167	9
173	9
181	9
182	9
188	9
193	9
196	9
223	9
290	9
326	9
370	9
40000	9
4100	9
50000	9
554	9
6100	9
625	9
6600	9
820	9
121	8
1250	8
1350	8
16000	8
162	8
19000	8
192	8
197	8
212	8
221	8
222	8
224	8
23000	8
24000	8
253	8
254	8
278	8
279	8
299	8
334	8
335	8
365	8
368	8
372	8
395	8
405	8
407	8
464	8
499	8
512	8
540	8
5400	8
6300	8
950	8
999	8
14000	7
141	7
154	7
1560	7
17000	7
171	7
177	7
186	7
187	7
194	7
201	7
208	7
219	7
228	7
237	7
241	7
245	7
261	7
266	7
269	7
270	7
276	7
288	7
292	7
297	7
308	7
31000	7
311	7
313	7
315	7
316	7
328	7
337	7
346	7
347	7
360	7
387	7
415	7
421	7
428	7
444	7
456	7
472	7
480	7
488	7
506	7
521	7
660	7
670	7
760	7
7700	7
8200	7
8300	7
890	7
9900	7
10500	6
1150	6
1850	6
1950	6
202	6
203	6
21000	6
231	6
232	6
233	6
235	6
242	6
251	6
256	6
257	6
258	6
263	6
268	6
271	6
277	6
280	6
28000	6
283	6
29000	6
293	6
303	6
304	6
305	6
309	6
32000	6
325	6
327	6
345	6
349	6
351	6
356	6
381	6
382	6
383	6
384	6
385	6
393	6
408	6
429	6
454	6
4600	6
462	6
482	6
494	6
495	6
523	6
525	6
574	6
580	6
5900	6
607	6
620	6
628	6
631	6
6400	6
6700	6
675	6
70000	6
7300	6
7400	6
785	6
7900	6
8100	6
8500	6
9100	6
925	6
9500	6
10200	5
10400	5
1077	5
10800	5
1110	5
11300	5
1170	5
1248	5
13200	5
14500	5
15500	5
1650	5
16500	5
1750	5
183	5
209	5
214	5
217	5
22000	5
229	5
243	5
244	5
25000	5
259	5
262	5
272	5
274	5
281	5
287	5
291	5
296	5
298	5
302	5
317	5
318	5
319	5
331	5
348	5
35000	5
352	5
363	5
366	5
369	5
378	5
398	5
403	5
412	5
413	5
422	5
425	5
434	5
442	5
443	5
45000	5
452	5
453	5
465	5
469	5
4900	5
497	5
498	5
513	5
517	5
527	5
535	5
545	5
553	5
558	5
578	5
581	5
590	5
610	5
613	5
640	5
646	5
665	5
677	5
688	5
690	5
710	5
717	5
7200	5
722	5
724	5
736	5
740	5
749	5
751	5
773	5
775	5
825	5
826	5
830	5
8400	5
880	5
8900	5
920	5
930	5
9300	5
937	5
9700	5
9800	5
1001	4
1029	4
1057	4
1059	4
11100	4
11200	4
1122	4
11400	4
1210	4
1221	4
12300	4
1235	4
1240	4
12700	4
1344	4
13500	4
1365	4
1370	4
1375	4
13950	4
15300	4
1550	4
15600	4
16800	4
18500	4
1895	4
198	4
2060	4
2110	4
213	4
227	4
2317	4
2350	4
252	4
26000	4
27000	4
273	4
28100	4
282	4
289	4
2999	4
306	4
321	4
323	4
324	4
329	4
332	4
333	4
336	4
338	4
339	4
34000	4
341	4
342	4
343	4
344	4
353	4
354	4
355	4
359	4
362	4
376	4
379	4
380	4
39000	4
397	4
402	4
404	4
427	4
439	4
458	4
466	4
470	4
47000	4
471	4
475	4
492	4
502	4
505	4
509	4
511	4
515	4
518	4
519	4
528	4
530	4
564	4
569	4
575	4
576	4
591	4
614	4
618	4
643	4
65000	4
652	4
653	4
654	4
682	4
685	4
716	4
719	4
739	4
753	4
761	4
770	4
776	4
790	4
794	4
811	4
828	4
835	4
860	4
864	4
8700	4
876	4
882	4
886	4
888	4
917	4
9200	4
929	4
932	4
940	4
953	4
987	4
992	4
10001	3
1002	3
1011	3
1020	3
1022	3
1025	3
10300	3
1050	3
1051	3
1054	3
10600	3
1068	3
10700	3
1073	3
1090	3
10900	3
1114	3
1127	3
1128	3
1132	3
1140	3
11500	3
11800	3
12100	3
12200	3
1238	3
1245	3
1275	3
1295	3
13000	3
1302	3
1304	3
1305	3
1317	3
1324	3
1325	3
1330	3
1380	3
13800	3
1384	3
1407	3
14200	3
1432	3
1450	3
14600	3
1480	3
14800	3
15200	3
1680	3
1725	3
1740	3
17400	3
1790	3
17900	3
18200	3
1868	3
1885	3
191	3
1940	3
19400	3
1946	3
19700	3
2032	3
2150	3
2223	3
234	3
2340	3
23500	3
238	3
2460	3
2510	3
2550	3
2640	3
2705	3
3050	3
312	3
3129	3
3250	3
3550	3
358	3
36000	3
361	3
364	3
371	3
373	3
3750	3
38000	3
386	3
389	3
391	3
394	3
3950	3
396	3
401	3
41000	3
4117	3
416	3
42000	3
423	3
431	3
433	3
435	3
438	3
44000	3
441	3
445	3
446	3
455	3
4619	3
467	3
476	3
48000	3
483	3
484	3
489	3
501	3
507	3
508	3
510	3
514	3
516	3
520	3
52000	3
529	3
531	3
538	3
541	3
543	3
5455	3
549	3
55000	3
557	3
570	3
57000	3
571	3
572	3
577	3
583	3
586	3
588	3
589	3
592	3
595	3
599	3
601	3
604	3
609	3
61000	3
615	3
617	3
621	3
626	3
635	3
648	3
649	3
651	3
6530	3
661	3
664	3
667	3
673	3
676	3
679	3
680	3
683	3
6900	3
691	3
692	3
707	3
708	3
713	3
725	3
728	3
735	3
737	3
741	3
748	3
778	3
780	3
782	3
784	3
787	3
793	3
795	3
803	3
805	3
810	3
814	3
838	3
839	3
840	3
845	3
847	3
848	3
852	3
854	3
857	3
859	3
8600	3
862	3
870	3
875	3
889	3
891	3
898	3
90000	3
916	3
922	3
933	3
938	3
952	3
9600	3
963	3
966	3
970	3
971	3
991	3
997	3
1003	2
1004	2
1008	2
1009	2
10100	2
1014	2
1018	2
1024	2
1034	2
1035	2
1036	2
1039	2
1041	2
1042	2
1043	2
105000	2
1064	2
1066	2
1070	2
1071	2
1074	2
1081	2
1086	2
1088	2
1092	2
1093	2
1095	2
1099	2
1101	2
1103	2
1105	2
1109	2
1113	2
1119	2
1131	2
11312	2
11350	2
1137	2
1144	2
1145	2
1149	2
1153	2
11600	2
1162	2
1166	2
1167	2
1169	2
11700	2
1173	2
1175	2
1177	2
1190	2
1198	2
1204	2
1208	2
1224	2
1228	2
1230	2
1239	2
12400	2
1243	2
1246	2
1252	2
1254	2
1257	2
1259	2
12600	2
1268	2
1280	2
12800	2
1281	2
1289	2
12900	2
1293	2
1297	2
13026	2
1303	2
13100	2
1320	2
1323	2
1327	2
1328	2
13300	2
1338	2
1360	2
1361	2
1362	2
1390	2
13900	2
1393	2
1396	2
1398	2
1403	2
1405	2
14100	2
1411	2
1419	2
1425	2
14300	2
1437	2
14400	2
1443	2
1445	2
1459	2
1460	2
1477	2
1482	2
1484	2
14900	2
1503	2
1504	2
1508	2
1509	2
1514	2
1520	2
1526	2
1529	2
1530	2
1539	2
15400	2
154000	2
1541	2
1554	2
1570	2
15700	2
1574	2
1579	2
1590	2
15900	2
1596	2
1599	2
1606	2
16100	2
1613	2
1625	2
1635	2
1639	2
16400	2
1643	2
1653	2
1660	2
1667	2
1668	2
1676	2
1677	2
1679	2
1690	2
1704	2
17100	2
1715	2
17200	2
1735	2
1737	2
1749	2
1758	2
1761	2
1768	2
1770	2
1773	2
1780	2
1793	2
1820	2
1821	2
1829	2
18300	2
1840	2
1866	2
1876	2
1884	2
1889	2
19070	2
1908	2
1913	2
1921	2
1924	2
1928	2
1947	2
1949	2
1953	2
1956	2
1977	2
1991	2
1992	2
2004	2
2006	2
2011	2
2020	2
20200	2
2030	2
2033	2
20500	2
2061	2
2066	2
20800	2
2093	2
21077	2
2124	2
2125	2
2130	2
2140	2
2152	2
2153	2
2171	2
2175	2
2180	2
2181	2
2189	2
2204	2
2214	2
2215	2
2239	2
2250	2
22500	2
2251	2
2255	2
22900	2
2292	2
2298	2
23100	2
2325	2
2337	2
2404	2
24100	2
2424	2
2429	2
2432	2
24400	2
2478	2
2480	2
24800	2
2487	2
2507	2
252000	2
2554	2
2563	2
2591	2
2593	2
2620	2
2623	2
2654	2
2660	2
2667	2
2669	2
2675	2
27100	2
2740	2
2794	2
2822	2
2825	2
2827	2
2850	2
2865	2
2905	2
294	2
2940	2
29600	2
2965	2
2968	2
2985	2
3025	2
31300	2
3150	2
3164	2
3207	2
3220	2
32200	2
32500	2
3261	2
3263	2
3304	2
3330	2
3350	2
34300	2
3448	2
357	2
3590	2
3595	2
3646	2
37000	2
3832	2
3848	2
3850	2
38900	2
39100	2
392	2
399	2
40200	2
406	2
4078	2
411	2
41500	2
417	2
418	2
419	2
4254	2
426	2
4298	2
43000	2
436	2
437	2
449	2
451	2
459	2
463	2
4646	2
473	2
477	2
478	2
4795	2
485	2
4907	2
491	2
493	2
4950	2
496	2
504	2
51000	2
5150	2
5185	2
522	2
524	2
5299	2
53000	2
532	2
533	2
53300	2
537	2
539	2
542	2
544	2
5460	2
547	2
552	2
559	2
56000	2
565	2
566	2
573	2
58000	2
5874	2
597	2
602	2
605	2
606	2
608	2
6140	2
616	2
627	2
629	2
63000	2
632	2
633	2
636	2
641	2
642	2
645	2
656	2
659	2
662	2
669	2
671	2
672	2
674	2
678	2
684	2
687	2
689	2
693	2
697	2
698	2
703	2
704	2
705	2
706	2
709	2
711	2
712	2
715	2
718	2
720	2
726	2
727	2
730	2
73000	2
731	2
74000	2
742	2
743	2
744	2
745	2
746	2
754	2
759	2
768	2
77000	2
771	2
779	2
781	2
7840	2
789	2
791	2
798	2
802	2
806	2
817	2
818	2
823	2
824	2
834	2
837	2
841	2
843	2
846	2
851	2
855	2
86000	2
865	2
866	2
878	2
8810	2
885	2
893	2
895	2
899	2
901	2
904	2
909	2
913	2
919	2
931	2
934	2
935	2
939	2
9400	2
95000	2
954	2
955	2
957	2
960	2
96000	2
973	2
976	2
980	2
983	2
990	2
993	2
996	2
998	2
100000	1
100400	1
10042	1
1006	1
10080	1
10112	1
10116	1
1012	1
10125	1
1013	1
10144	1
1015	1
10155	1
1016	1
10244	1
10249	1
103000	1
1031	1
1032	1
10320	1
1033	1
10340	1
1037	1
1038	1
1040	1
10427	1
1044	1
1045	1
1047	1
10475	1
10477	1
1048	1
10489	1
1049	1
10514	1
1052	1
105236	1
1055	1
1056	1
10573	1
10574	1
10580	1
1060	1
106000	1
1062	1
1065	1
10650	1
106667	1
106700	1
107000	1
10712	1
10740	1
10743	1
1076	1
1079	1
108095	1
10820	1
1083	1
1084	1
1085	1
10860	1
108600	1
10863	1
10885	1
10902	1
10905	1
1091	1
10928	1
10939	1
1094	1
10951	1
10957	1
1096	1
110313	1
1104	1
11050	1
1106	1
1107	1
11073	1
1108	1
111000	1
1115	1
11153	1
1118	1
11186	1
1120	1
1123	1
1124	1
1126	1
1129	1
1133	1
1134	1
11346	1
1136	1
11366	1
11410	1
11417	1
1142	1
11422	1
1146	1
1147	1
1151	1
1154	1
1157	1
1158	1
11584	1
11590	1
11595	1
1160	1
1161	1
1164	1
11647	1
1165	1
11650	1
116500	1
116590	1
11678	1
1168	1
117000	1
1171	1
11711	1
11737	1
1176	1
11760	1
11778	1
11779	1
117900	1
11798	1
118000	1
11806	1
1181	1
1182	1
1183	1
1185	1
11858	1
1186	1
118995	1
11900	1
1191	1
11915	1
11918	1
1192	1
11920	1
1193	1
1194	1
11947	1
11965	1
1199	1
120000	1
12010	1
12022	1
1203	1
1205	1
1207	1
12072	1
12085	1
121000	1
1211	1
12114	1
12120	1
12145	1
1217	1
121890	1
122000	1
12215	1
12250	1
1226	1
12265	1
123000	1
12308	1
1237	1
1241	1
1244	1
12450	1
12465	1
1247	1
12501	1
12503	1
12510	1
12518	1
12535	1
12545	1
1255	1
12557	1
1256	1
12565	1
1258	1
12602	1
1261	1
12618	1
1266	1
12670	1
126800	1
1269	1
12695	1
1270	1
127000	1
1272	1
12720	1
1274	1
1279	1
128000	1
12802	1
1282	1
1285	1
1287	1
1290	1
129000	1
1291	1
1292	1
12932	1
1294	1
130000	1
1307	1
13071	1
1308	1
13080	1
130800	1
1310	1
13125	1
1314	1
1315	1
1316	1
1318	1
1319	1
13196	1
1321	1
13250	1
1331	1
13311	1
1332	1
1333	1
13360	1
1337	1
13373	1
13379	1
1339	1
13390	1
1341	1
1342	1
1343	1
13445	1
1347	1
1348	1
135000	1
1351	1
1352	1
13527	1
1355	1
1357	1
13582	1
13600	1
13610	1
13628	1
1367	1
1368	1
1369	1
13700	1
137000	1
1371	1
1372	1
13728	1
13733	1
1374	1
1376	1
1377	1
13834	1
13839	1
1386	1
1388	1
13886	1
139000	1
13932	1
1395	1
13963	1
1397	1
1399	1
1402	1
1408	1
1412	1
1414	1
1415	1
1417	1
14170	1
14199	1
1420	1
142000	1
1421	1
14250	1
1426	1
14260	1
1427	1
1430	1
1431	1
1433	1
1434	1
1435	1
14350	1
14386	1
144000	1
1444	1
14456	1
14457	1
1448	1
14487	1
145000	1
1451	1
145150	1
1452	1
145200	1
14540	1
1457	1
1458	1
1462	1
146200	1
1467	1
1468	1
14680	1
1470	1
14700	1
1471	1
1472	1
1473	1
1475	1
1481	1
1486	1
1487	1
1488	1
1489	1
1491	1
1493	1
1495	1
1496	1
1498	1
150000	1
1502	1
1505	1
1506	1
1507	1
15080	1
15085	1
1511	1
1512	1
1515	1
15168	1
1518	1
1519	1
1521	1
1522	1
1524	1
1525	1
1534	1
15344	1
15356	1
1538	1
1542	1
15451	1
15480	1
1549	1
155000	1
15541	1
15548	1
15578	1
1559	1
1562	1
1563	1
15631	1
1564	1
1565	1
15660	1
156645	1
15665	1
1567	1
15671	1
1568	1
15710	1
1577	1
1578	1
1582	1
158200	1
1583	1
1585	1
1589	1
1591	1
1592	1
1593	1
1595	1
160000	1
1601	1
16015	1
1603	1
1604	1
1612	1
16135	1
1614	1
1615	1
1616	1
1618	1
1620	1
1621	1
1626	1
1627	1
16278	1
16299	1
1630	1
16300	1
163000	1
1634	1
1636	1
1638	1
164000	1
1641	1
16410	1
1642	1
1646	1
16460	1
16478	1
1648	1
1649	1
16515	1
1652	1
1655	1
1656	1
1659	1
16600	1
166000	1
1664	1
16681	1
16700	1
167000	1
1674	1
16740	1
16750	1
1678	1
168000	1
16844	1
1687	1
1689	1
1693	1
1695	1
1696	1
16974	1
1701	1
1703	1
1709	1
1710	1
171000	1
1711	1
1712	1
1713	1
1718	1
1719	1
1720	1
1722	1
1723	1
1726	1
1729	1
17300	1
17312	1
173188	1
1734	1
1736	1
1739	1
1741	1
1742	1
1744	1
17500	1
175000	1
1751	1
1752	1
1753	1
1755	1
1762	1
1764	1
17649	1
1766	1
176933	1
17700	1
1775	1
1777	1
17772	1
1778	1
17785	1
178000	1
1781	1
17828	1
1784	1
1787	1
178795	1
1789	1
17896	1
1795	1
1796	1
1797	1
1798	1
17986	1
180000	1
1802	1
1803	1
18046	1
18069	1
1810	1
18100	1
1811	1
1813	1
181468	1
1816	1
1817	1
18185	1
1826	1
1827	1
183400	1
1835	1
1839	1
18400	1
1841	1
1843	1
1847	1
1848	1
1851	1
1857	1
1858	1
18582	1
1860	1
1861	1
18680	1
1870	1
18710	1
1872	1
1875	1
1878	1
188200	1
1883	1
18900	1
1894	1
1896	1
1898	1
1901	1
19011	1
1903	1
1905	1
1906	1
1909	1
1912	1
1920	1
1925	1
1927	1
19274	1
1929	1
19297	1
1931	1
1932	1
19329	1
193370	1
1937	1
193804	1
1939	1
1943	1
1944	1
19442	1
19515	1
1954	1
1955	1
1958	1
1960	1
19600	1
1961	1
1964	1
19650	1
1973	1
1974	1
1975	1
19750	1
1976	1
19773	1
1978	1
1980	1
19800	1
1981	1
1983	1
1985	1
1987	1
19900	1
19930	1
1996	1
1997	1
1998	1
199900	1
200000	1
2001	1
20034	1
2007	1
2008	1
2009	1
2010	1
2013	1
2014	1
2015	1
2019	1
202000	1
2021	1
2024	1
2025	1
2026	1
2028	1
203000	1
20306	1
2031	1
2037	1
2039	1
2040	1
20400	1
2046	1
2047	1
2048	1
204958	1
2050	1
2057	1
2058	1
20655	1
2070	1
20728	1
2077	1
2079	1
20818	1
20888	1
2090	1
20915	1
2095	1
20954	1
20972	1
2101	1
2104	1
2106	1
21062	1
2112	1
2113	1
21135	1
2114	1
2116	1
2118	1
2122	1
2123	1
2126	1
21300	1
2131	1
2133	1
2135	1
2137	1
2142	1
2143	1
214400	1
2145	1
21480	1
2155	1
2156	1
2159	1
2162	1
2167	1
2170	1
21700	1
21800	1
21805	1
21830	1
21900	1
2192	1
2194	1
21942	1
2195	1
2196	1
2200000	1
2202	1
2205	1
22050	1
2206	1
2207	1
22100	1
2211	1
22127	1
2218	1
2220	1
222000	1
2221	1
2222	1
2225	1
2228	1
22297	1
22302	1
2235	1
2240	1
2241	1
2245	1
2249	1
2256	1
2260	1
2269	1
22700	1
2271	1
2273	1
2275	1
2279	1
22800	1
2284	1
2285	1
22855	1
2286	1
2287	1
2289	1
2293	1
2295	1
22960	1
2301	1
2302	1
2304	1
2305	1
23050	1
2306	1
2307	1
2312	1
2315	1
2316	1
23180	1
2328	1
232939	1
23300	1
2338	1
2339	1
23400	1
23438	1
2348	1
2354	1
2356	1
2357	1
2360	1
23600	1
23608	1
2361	1
2362	1
2370	1
2373	1
23736	1
2381	1
2385	1
2386	1
2387	1
23874	1
2390	1
23900	1
23906	1
2405	1
2407	1
2409	1
2410	1
2412	1
2413	1
2415	1
2426	1
24300	1
2434	1
2435	1
2438	1
244000	1
2442	1
2443	1
2445	1
2450	1
24500	1
2451	1
24519	1
2456	1
2461	1
2465	1
2468	1
2469	1
2470	1
24700	1
247000	1
24750	1
2477	1
2483	1
2488	1
2490	1
2495	1
2498	1
25007	1
2503	1
2511	1
2514	1
25144	1
2516	1
2523	1
2524	1
2525	1
2530	1
2534	1
2535	1
2539	1
25400	1
2544	1
2545	1
2548	1
2549	1
2551	1
2553	1
2558	1
25580	1
25585	1
2562	1
2566	1
2569	1
25700	1
25709	1
2572	1
2573	1
2574	1
2578	1
25786	1
25800	1
2584	1
25877	1
25900	1
259000	1
2592	1
2599	1
2610	1
2612	1
2619	1
26200	1
2626	1
26261	1
2629	1
26300	1
2636	1
26377	1
2645	1
2646	1
2650	1
2657	1
26584	1
26600	1
26603	1
2661	1
2662	1
2665	1
2666	1
2674	1
26751	1
267600	1
2677	1
2680	1
2681	1
26813	1
2683	1
2688	1
2692	1
2695	1
26980	1
2699	1
2702	1
2706	1
271000	1
2715	1
2716	1
2718	1
2720	1
2721	1
2724	1
27254	1
2726	1
2727	1
2730	1
2732	1
2739	1
27400	1
27417	1
2744	1
2745	1
2750	1
275000	1
2752	1
2754	1
27600	1
2770	1
2780	1
27800	1
2787	1
2788	1
2790	1
27900	1
2793	1
2795	1
2802	1
2810	1
281000	1
2811	1
28135	1
2819	1
2821	1
28250	1
28300	1
283224	1
2837	1
28450	1
2848	1
2854	1
2862	1
2864	1
2870	1
28700	1
2872	1
2875	1
2876	1
2879	1
2883	1
2884	1
2891	1
28925	1
2895	1
2901	1
2911	1
2914	1
2918	1
2919	1
2920	1
29200	1
2921	1
29221	1
2923	1
2925	1
2926	1
2930	1
29300	1
2933	1
2939	1
2946	1
2950	1
29800	1
2984	1
29900	1
2993	1
29953	1
300000	1
3002	1
30088	1
3010	1
3011	1
3015	1
3018	1
3020	1
3032	1
30329	1
3038	1
3041	1
3051	1
3053	1
3055	1
3060	1
3061	1
30616	1
3063	1
3065	1
3070	1
3076	1
3081	1
3084	1
30849	1
3086	1
30860	1
30900	1
309050	1
3092	1
30922	1
3093	1
3094	1
30940	1
3095	1
3097	1
3099	1
3103	1
3104	1
3113	1
3117	1
31176	1
3121	1
3130	1
3140	1
3142	1
3145	1
31500	1
31600	1
31603	1
3163	1
3166	1
3174	1
3177	1
31800	1
3184	1
3188	1
3191	1
3205	1
32074	1
3208	1
3213	1
3218	1
3225	1
3226	1
32267	1
32300	1
3235	1
3241	1
324222	1
3245	1
3246	1
3247	1
3255	1
32550	1
32600	1
3265	1
3267	1
3268	1
3270	1
32700	1
3271	1
3281	1
32819	1
3284	1
3293	1
3297	1
32988	1
33000	1
33004	1
3315	1
3322	1
3325	1
33252	1
33300	1
3340	1
33400	1
3341	1
3342	1
3344	1
3348	1
3354	1
336013	1
3366	1
337000	1
3387	1
3388	1
3390	1
339000	1
3402	1
3410	1
3411	1
3412	1
3419	1
3420	1
34215	1
34226	1
3424	1
34248	1
3427	1
3435	1
34390	1
3450	1
34500	1
3451	1
3453	1
3462	1
3464	1
3474	1
34759	1
34800	1
3481	1
34832	1
3489	1
34909	1
349600	1
3501	1
3510	1
3511	1
3513	1
3519	1
3520	1
3530	1
35300	1
3540	1
35400	1
3546	1
35519	1
3561	1
3562	1
3566	1
3568	1
3570	1
35700	1
3579	1
3580	1
359184	1
36173	1
3618	1
3620	1
36200	1
3621	1
3633	1
3636	1
3637	1
36407	1
36433	1
3649	1
36500	1
365000	1
3651	1
36600	1
3662	1
3666	1
3668	1
3675	1
3677	1
36770	1
3680	1
3683	1
3687	1
3689	1
3692	1
3693	1
3694	1
3697	1
37050	1
3710	1
3711	1
3720	1
3725	1
373400	1
37400	1
37401	1
3744	1
3748	1
3749	1
3761	1
3764	1
377	1
37715	1
3775	1
3778	1
3779	1
3788	1
3791	1
3796	1
3797	1
3801	1
3802	1
380285	1
3819	1
3824	1
3825	1
3826	1
3831	1
3834	1
3835	1
3839	1
3840	1
38440	1
384816	1
38500	1
3852	1
38600	1
3861	1
3865	1
3869	1
3872	1
3874	1
388	1
38800	1
3885	1
3886	1
3887	1
38884	1
3891	1
3914	1
39150	1
39273	1
3934	1
3945	1
39500	1
3954	1
3967	1
3979	1
3986	1
39900	1
39947	1
3997	1
4008	1
4010	1
40300	1
4062	1
4066	1
4067	1
4073	1
4074	1
408000	1
4088	1
409	1
4090	1
4098	1
4102	1
4109	1
4113	1
4116	1
4129	1
41291	1
4130	1
41300	1
4138	1
4143	1
4144	1
4146	1
41490	1
4150	1
4151	1
4153	1
4157	1
4164	1
4165	1
4178	1
4180	1
41943	1
420000	1
42100	1
4214	1
42183	1
4221	1
4225	1
4230	1
4233	1
4234	1
4236	1
42368	1
42380	1
424	1
4244	1
4250	1
4253	1
42571	1
42642	1
42700	1
4276	1
42800	1
42820	1
4290	1
4293	1
4302	1
4305	1
4312	1
43198	1
43200	1
43210	1
433362	1
4339	1
43400	1
4350	1
4356	1
43600	1
4365	1
4369	1
43700	1
4383	1
4392	1
4397	1
4401	1
4404	1
4410	1
44300	1
4435	1
4447	1
44500	1
4460	1
4463	1
4470	1
44700	1
448	1
4496	1
4499	1
4508	1
4528	1
4540	1
45455	1
4554	1
4564	1
4566	1
457	1
4570	1
45700	1
4578	1
4581	1
4587	1
4592	1
4594	1
45948	1
4597	1
46000	1
4602	1
4609	1
46128	1
4618	1
4624	1
4630	1
4649	1
4650	1
46500	1
4660	1
46600	1
4664	1
4674	1
468	1
46818	1
4682	1
4729	1
47300	1
4737	1
474	1
4745	1
4766	1
4771	1
4775	1
4788	1
479	1
48021	1
4807	1
481	1
4813	1
4816	1
4823	1
4833	1
48330	1
4835	1
4846	1
4848	1
4850	1
4852	1
48535	1
486	1
4862	1
487	1
4872	1
4890	1
4911	1
49200	1
4930	1
4933	1
49355	1
4945	1
49472	1
4949	1
4954	1
4957	1
49700	1
49729	1
4975	1
4980	1
4985	1
4991	1
5001	1
5009	1
50102	1
5015	1
5019	1
5025	1
503	1
5032	1
50433	1
50448	1
5045	1
5050	1
5051	1
50527	1
50600	1
5070	1
50700	1
5085	1
5104	1
5113	1
5120	1
5130	1
51300	1
5135	1
5138	1
51542	1
5176	1
51792	1
5193	1
5196	1
5206	1
5209	1
5220	1
5222	1
52277	1
5235	1
526	1
52600	1
5265	1
5268	1
52700	1
5289	1
5292	1
5301	1
5310	1
5322	1
5323	1
5329	1
534	1
5347	1
5348	1
5357	1
5362	1
5368	1
5378	1
5385	1
54000	1
54034	1
5405	1
5411	1
5421	1
5440	1
54430	1
5447	1
5449	1
546	1
5461	1
54630	1
5474	1
548	1
5487	1
54900	1
551	1
5520	1
5522	1
5524	1
55262	1
552810	1
5555	1
556	1
5580	1
5587	1
5603	1
561	1
5610	1
5612	1
5644	1
5648	1
5660	1
5676	1
568	1
5692	1
5695	1
5703	1
5710	1
5721	1
5722	1
5749	1
57500	1
57600	1
5776	1
579	1
57900	1
5796	1
58052	1
5807	1
5812	1
5816	1
5828	1
5830	1
58300	1
5836	1
5837	1
5841	1
585	1
58500	1
5860	1
58600	1
5868	1
587	1
5895	1
59000	1
5909	1
5910	1
5928	1
593	1
59331	1
5939	1
594	1
5957	1
5960	1
5962	1
5964	1
59643	1
5966	1
5969	1
5979	1
598	1
5983	1
5985	1
6013	1
6030	1
6031	1
6041	1
6050	1
6053	1
60580	1
6063	1
6065	1
6069	1
6072	1
60778	1
6090	1
60900	1
6103	1
611	1
612	1
6120	1
6143	1
6146	1
61500	1
6160	1
6191	1
62000	1
622	1
6224	1
623	1
6230	1
624	1
6246	1
6248	1
62500	1
6275	1
62926	1
6295	1
630	1
6303	1
6311	1
6319	1
6321	1
6336	1
634	1
6348	1
6350	1
6356	1
637	1
63700	1
638	1
6386	1
6388	1
639	1
6399	1
64000	1
6407	1
644	1
6450	1
647	1
6476	1
6498	1
6506	1
65200	1
6528	1
655	1
6550	1
6565	1
6578	1
6592	1
65930	1
6596	1
66000	1
6602	1
663	1
6632	1
6634	1
6642	1
6650	1
666	1
6660	1
6661	1
66639	1
668	1
6680	1
66800	1
6686	1
6690	1
6716	1
6749	1
6750	1
67500	1
6773	1
6792	1
68000	1
681	1
6810	1
68100	1
6814	1
6850	1
686	1
6907	1
6923	1
6970	1
6985	1
6996	1
7002	1
70096	1
701	1
702	1
7030	1
7038	1
70525	1
7059	1
7060	1
7061	1
7067	1
70785	1
70812	1
7095	1
7097	1
71000	1
7102	1
71196	1
7124	1
7133	1
7136	1
714	1
7150	1
7153	1
7176	1
7181	1
71811	1
7198	1
721	1
7212	1
7215	1
7222	1
7230	1
7262	1
729	1
7308	1
732	1
7325	1
733	1
734	1
7348	1
73561	1
738	1
7385	1
7404	1
7425	1
7442	1
7460	1
7463	1
747	1
7499	1
75000	1
752	1
7530	1
755	1
756	1
75600	1
7561	1
7568	1
758	1
7580	1
7595	1
7602	1
7611	1
7616	1
762	1
7638	1
764	1
7644	1
765	1
7650	1
7652	1
7665	1
767	1
7689	1
7697	1
7707	1
772	1
7727	1
77300	1
7732	1
774	1
7755	1
7765	1
7769	1
78000	1
7807	1
7813	1
783	1
78397	1
7850	1
786	1
78686	1
788	1
78900	1
78945	1
792	1
7938	1
7950	1
7954	1
797	1
8021	1
8035	1
804	1
80400	1
8057	1
80700	1
808	1
8083	1
8093	1
8099	1
8111	1
8120	1
8125	1
81281	1
815	1
8150	1
816	1
8160	1
8167	1
8169	1
819	1
821	1
822	1
8229	1
8245	1
827	1
8287	1
8298	1
83000	1
831	1
832	1
8320	1
833	1
8333	1
8347	1
836	1
84000	1
8402	1
8404	1
844	1
8441	1
849	1
853	1
8550	1
856	1
8563	1
8564	1
8570	1
858	1
8590	1
8603	1
8610	1
8617	1
8628	1
8660	1
86800	1
869	1
87000	1
8707	1
8719	1
872	1
8722	1
873	1
8739	1
874	1
8743	1
8750	1
8760	1
877	1
8780	1
879	1
88000	1
8817	1
8823	1
884	1
8852	1
887	1
8882	1
8890	1
89000	1
8910	1
892	1
8926	1
8937	1
894	1
8948	1
896	1
8960	1
897	1
8986	1
902	1
903	1
9036	1
905	1
9050	1
9065	1
907	1
908	1
9087	1
9098	1
91000	1
9102	1
9107	1
911	1
9129	1
9130	1
914	1
9157	1
92000	1
9229	1
924	1
927	1
93000	1
9323	1
9330	1
9337	1
9362	1
9392	1
941	1
9410	1
942	1
9433	1
9445	1
9452	1
946	1
947	1
948	1
9507	1
9540	1
9599	1
961	1
9624	1
965	1
967	1
9683	1
96868	1
969	1
9713	1
9740	1
97487	1
975	1
977	1
979	1
9795	1
981	1
9811	1
982	1
985	1
9867	1
99000	1
9905	1
9929	1
994	1
9944	1
9946	1
9950	1
99834	1
9985	1
9988	1
